.Random.seed <-
c(403L, 128L, -377977569L, 1194489645L, -970306625L, -205083460L, 
2147016932L, -405760449L, -94253453L, 543711899L, 368424539L, 
1270254864L, 328424306L, -52640341L, 1635709544L, 1551813175L, 
341879675L, -933928509L, 228035122L, -458313357L, 2036835972L, 
23846002L, 649603035L, -998369168L, -1317976748L, 1334096454L, 
-1252447132L, 730999968L, -1251608616L, -409802549L, -1536420103L, 
-1490070978L, -1544536205L, -259595516L, -80889019L, -582242562L, 
2098065776L, 1141189803L, -2102557651L, 1459763032L, 151503788L, 
1340770602L, -615600208L, -839861123L, 680530283L, -554796202L, 
1145844957L, -47511370L, 1295630806L, 1879046488L, 780471857L, 
-1151925700L, -40333583L, -1126978567L, -1833493460L, 224289313L, 
-1898606755L, -1023879947L, -1602858443L, -1053777319L, -802568143L, 
149822122L, 271550846L, -1161051527L, 646394930L, 1909870333L, 
-1871312340L, 781111395L, 1037586393L, -1321678110L, -978424814L, 
-1076487491L, -1495970151L, -1206384703L, 117054757L, -881722030L, 
859680424L, 68050077L, 1117115998L, -79762791L, 265868469L, 307191397L, 
-1541828404L, 1514367521L, -859174206L, 1172828392L, 2006792641L, 
-270205138L, -314990698L, 549213052L, 603992410L, -770345226L, 
-921242838L, 975927721L, -1088356061L, 1844715680L, 542074853L, 
133978094L, -500283557L, 1173462888L, -442092674L, 749127701L, 
54068231L, -1327619086L, -668021602L, -1149010884L, 1199989198L, 
-2103418805L, -539493907L, -2045053564L, 1320948015L, -527324988L, 
2105711508L, -1780617098L, -1435150817L, 1485607526L, 1074331675L, 
-1748478685L, -143035426L, -1114713797L, -1682842461L, 1087406959L, 
-2050028809L, 115853571L, 1041101815L, 1709063012L, 780088412L, 
1509140839L, -842892648L, -739899301L, 539590486L, -2066088847L, 
-352068581L, 563578568L, -2058639360L, -1310923773L, -1472193353L, 
-1805412625L, -1630273089L, -698690940L, -830282034L, -1705854865L, 
824734524L, -1055229645L, 9151351L, 1193452295L, -165463650L, 
540885383L, 820210600L, 229276182L, -149294993L, 1074068716L, 
1440402136L, 468763626L, 86308064L, 355242452L, -707619044L, 
-98940753L, -1651366467L, -1692696390L, -199350857L, -123632208L, 
-1920653559L, -1046558870L, 1994773764L, -1385691641L, -535235383L, 
1256462268L, -1630936104L, 2144178238L, -1322205196L, -621713831L, 
-12395713L, 278289610L, 1819947177L, -294017606L, -190481462L, 
856365924L, 863742813L, -1104610576L, -558499139L, -292302459L, 
-1521939784L, 74685445L, 2110706585L, -1453863855L, -1729756687L, 
899800485L, -1619644723L, 69501774L, 1741187930L, 104385525L, 
1447554790L, -1113611063L, -733561344L, -417999169L, 1355981597L, 
122942854L, -786626314L, 606352377L, -815934875L, -982101683L, 
810043729L, 1637706110L, 902274252L, -779249191L, 596449930L, 
1605806221L, -1804218775L, -1222104351L, -1434825744L, -1540835075L, 
-407924946L, 1677249860L, -1897523459L, -1885961518L, -171486174L, 
-1566640488L, 1213309742L, 92370210L, -372659242L, -200700683L, 
-293043729L, 995414548L, 1441807105L, -59253421L, -392891593L, 
1736742401L, -1259158863L, 419967663L, 1147844215L, 1336110088L, 
-1338753756L, 516045442L, -320783838L, 1580650177L, 322954202L, 
786564670L, -255371742L, 1128436620L, -678148509L, -1498226015L, 
-554521466L, -933853285L, 577091764L, 460389967L, 1943279907L, 
86738305L, -1189416174L, -1787420947L, 617725745L, -710033409L, 
-2097089916L, 1922034780L, 831617168L, 2075315714L, 2101758300L, 
-2027127514L, -204555437L, -256510235L, -636850584L, 462799670L, 
-996764531L, -252111168L, 2114481816L, -1588915338L, 1664354010L, 
-2067066845L, 1258399530L, -551215312L, 729866334L, 295123672L, 
-1519774281L, -1220398497L, 1995450064L, -1581840607L, -1209566018L, 
246335355L, 1652728495L, -765467687L, 358149280L, 311523245L, 
-347814463L, -1501658626L, -1893115031L, 1033023757L, -1993854789L, 
-296476532L, 636766996L, 142433899L, -1605723560L, -2057284860L, 
1030413915L, -971338546L, -304021856L, -1656484694L, -1745521971L, 
1262084721L, 266894086L, 1019158341L, 1140496800L, 495465112L, 
240314286L, -1086653591L, -380464486L, -2062646903L, 131557586L, 
959665165L, -1270088816L, 1529887916L, 666524527L, -207874920L, 
-1095759754L, 1193687619L, -726196876L, -924758004L, 1117051217L, 
-1666660365L, -2142863729L, -1564695944L, 859162238L, -549047625L, 
319625608L, -1669991198L, 479597913L, -1942856756L, -885432236L, 
512274612L, 1951429571L, -708179913L, 16607660L, 1418704969L, 
789583058L, 1191664784L, 361200052L, 951391427L, 1224207632L, 
-744134815L, 1034357190L, 490082125L, 586896172L, 1242246162L, 
867360837L, 8126290L, 2129717794L, -411190351L, -396998434L, 
-1652993314L, 1971269745L, 1320070893L, 1058275779L, 970559476L, 
1434898076L, 1262450187L, 708123360L, 732948864L, -1637671501L, 
1854280226L, 542839840L, 1846452490L, 991059413L, 28993221L, 
1711375054L, 376313285L, 12528744L, -2118296952L, 1261331202L, 
1842435157L, 1953953138L, -1993210539L, 269793494L, 848250941L, 
-1593723744L, 1915278188L, 648741435L, 76840848L, -318391154L, 
-1869966905L, 449518036L, 467267760L, 1730473409L, -915903689L, 
991206687L, -1851253920L, -1042825918L, -1286506537L, -1595667728L, 
1040637922L, -292650635L, -305115500L, 1123769132L, -1254346736L, 
-292442761L, 1695605575L, -1605845424L, 1923437609L, -1670916402L, 
-2046098832L, 1391986060L, 1974651335L, -1398468695L, 605818009L, 
-724681498L, -752610476L, -879569286L, 38059213L, 1995755062L, 
-1977599636L, 242072969L, 292218199L, -283807912L, 295376041L, 
-884322307L, -300794432L, -195554542L, -2134583484L, 315982429L, 
-1454563293L, -1410875176L, -1747137535L, -1819598095L, 910325713L, 
-748681401L, -1423100244L, 549885938L, -399496861L, 84805448L, 
685507382L, 699379640L, -318980183L, 1801639283L, -1240493699L, 
605967847L, 496784829L, 1073674870L, -526092220L, 639221166L, 
-468933721L, 1267368996L, -916153006L, -123896443L, 159553245L, 
1851772070L, -1878802245L, -1172099003L, 705140326L, -1808982522L, 
-201387232L, -714719849L, 1894121407L, -964479928L, -147284969L, 
-1436947374L, 136089731L, 74233230L, 1255378833L, 1743070434L, 
1724355505L, 571665220L, 345985740L, -434372160L, 1578893129L, 
77206087L, -1817539052L, -1113919893L, -659457364L, 1302322518L, 
-1209140169L, 1519954121L, -801465132L, 1977225439L, 1567171819L, 
-1685758871L, -525842698L, -1221728574L, -710293156L, -1117001445L, 
1324228378L, 1441185426L, -451373229L, 474894009L, -1712380237L, 
-8983527L, -1397432299L, -1879784688L, 605565108L, -745358841L, 
1774447955L, 1449008424L, -493397330L, -1448902313L, -1748245179L, 
407368085L, -922303936L, -314749236L, -605660343L, 1563762412L, 
1868814247L, 1537017613L, -1656144992L, 1966064890L, 1135097629L, 
725047474L, -620383704L, -2116408116L, -1591112147L, 532235255L, 
1884250371L, 574452294L, -2061240649L, 1693040717L, 1780291358L, 
1022425576L, 2049229084L, -2067489818L, 2100797440L, 715219191L, 
536202195L, 1825884908L, -758168338L, 191085905L, 23151331L, 
-475730334L, 1812246550L, 2055023366L, 188894495L, 1409266353L, 
868769458L, -1095452435L, 1324727598L, 1770372596L, 1967279045L, 
1690328491L, 1279758394L, 1641802949L, -1351937867L, 604141619L, 
1501285320L, 941368732L, -2059272062L, -422852819L, 1262906624L, 
885287532L, -1142233403L, -1986416829L, 1690463089L, -1541192545L, 
1283409943L, -1558143626L, -329155270L, 1739916653L, -1503843107L, 
1356924794L, 1763879264L, 414157981L, -799427833L, -1418145421L, 
699012606L, 810139638L, 780257903L, -550956514L, 704563769L, 
-2076099365L, -521367202L, 1076625660L, 1801926115L, 195121136L, 
673764706L, 892771204L, -289547562L, -1887206805L, 665306195L, 
-1104137329L, 532628770L, -818228607L, 615252986L, 1404357831L, 
715862444L, 1914057363L, 1159190939L, -186988359L, -662343573L, 
173161547L, -1724834217L, -238701789L, 601436598L, 618102532L, 
-1844812536L, -55098087L, 832667032L, -619616069L, -966585888L, 
1483881236L, -724694280L, -1954832485L, -1842334188L, -497808209L, 
1299964424L, -606371296L, 760101122L, 720118395L, -1159234513L, 
-851413088L, -1868491530L, -1610864076L, -735699115L, 934714948L, 
